function [GQxw] = setGQxw
% Set Gaussian Quadrature locations and weights 
%     GQx: x values to evaluate function
%     GQw: weights
GQx = [8.811451447204854404E-004,  4.636880650271735238E-003,  1.137002500811307160E-002,  2.104159039310410373E-002,  3.359359586066185122E-002,  4.895059651556293856E-002,  6.702024839387038524E-002,  8.769388458334448355E-002,  1.108471742867402909E-001,  1.363408724050364507E-001,  1.640216576929103831E-001,  1.937230551660097388E-001,  2.252664374524356861E-001,  2.584620991569107629E-001,  2.931103978141975097E-001,  3.290029545871209216E-001,  3.659239074963732685E-001,  4.036512096493146129E-001,  4.419579646623724711E-001,  4.806137912469746754E-001,  5.193862087530253246E-001,  5.580420353376275289E-001,  5.963487903506855536E-001,  6.340760925036268425E-001,  6.709970454128790784E-001,  7.068896021858023238E-001,  7.415379008430891261E-001,  7.747335625475638698E-001,  8.062769448339899281E-001,  8.359783423070896724E-001,  8.636591275949634383E-001,  8.891528257132595980E-001,  9.123061154166557385E-001,  9.329797516061295592E-001,  9.510494034844372280E-001,  9.664064041393380933E-001,  9.789584096068959518E-001,  9.886299749918872060E-001,  9.953631193497285423E-001,  9.991188548552796256E-001]';
GQw = [2.260638549266569437E-003,  5.249142265576826200E-003,  8.210529190953967313E-003,  1.112292459708323286E-002,  1.396850349001168591E-002,  1.673009764127359952E-002,  1.939108398723625448E-002,  2.193545409283656489E-002,  2.434790381753590763E-002,  2.661392349196848098E-002,  2.871988454969627222E-002,  3.065312124646369166E-002,  3.240200672830125667E-002,  3.395602290761685904E-002,  3.530582369564324446E-002,  3.644329119790197524E-002,  3.736158452898413751E-002,  3.805518095031324571E-002,  3.851990908212438863E-002,  3.875297398921226377E-002,  3.875297398921258990E-002,  3.851990908212385434E-002,  3.805518095031288489E-002,  3.736158452898429017E-002,  3.644329119790179483E-002,  3.530582369564296691E-002,  3.395602290761668557E-002,  3.240200672830127054E-002,  3.065312124646427452E-002,  2.871988454969589405E-002,  2.661392349196792934E-002,  2.434790381753596661E-002,  2.193545409283669673E-002,  1.939108398723569590E-002,  1.673009764127403667E-002,  1.396850349001163734E-002,  1.112292459708396665E-002,  8.210529190953890985E-003,  5.249142265576283231E-003,  2.260638549266727297E-003]';
GQxw = [GQx GQw];

end

